0
303.15 303.15 303.15 303.15 303.15 303.15 303.15 303.15 303.15 303.15 303.15 303.15 303.15 303.15 303.15 303.15 
303.15 303.15 303.15 303.15 303.15 303.15 303.15 303.15 303.15 303.15 303.15 303.15 303.15 303.15 303.15 303.15 
303.15 303.15 303.15 303.15 303.15 303.15 303.15 303.15 303.15 303.15 303.15 303.15 303.15 303.15 303.15 303.15 
303.15 303.15 303.15 303.15 303.15 303.15 303.15 303.15 303.15 303.15 303.15 303.15 303.15 303.15 303.15 303.15 
303.15 303.15 303.15 303.15 303.15 303.15 303.15 303.15 303.15 303.15 303.15 303.15 303.15 303.15 303.15 303.15 
303.15 303.15 303.15 303.15 303.15 303.15 303.15 303.15 303.15 303.15 303.15 303.15 303.15 303.15 303.15 303.15 
303.15 303.15 303.15 303.15 303.15 303.15 303.15 303.15 303.15 303.15 303.15 303.15 303.15 303.15 303.15 303.15 
303.15 303.15 303.15 303.15 303.15 303.15 303.15 303.15 303.15 303.15 303.15 303.15 303.15 303.15 303.15 303.15 
303.15 303.15 303.15 303.15 303.15 303.15 303.15 303.15 
303.15 303.15 303.15 303.15 303.15 303.15 303.15 303.15 
303.15 303.15 303.15 303.15 303.15 303.15 303.15 303.15 
303.15 303.15 303.15 303.15 303.15 303.15 303.15 303.15 

0.2
293.15 293.15 293.15 293.15 293.15 293.15 293.15 293.15 293.15 293.15 293.15 293.15 293.15 293.15 293.15 293.15 
293.15 299.701 300.861 301.071 301.11 301.118 301.12 301.121 301.122 301.123 301.123 301.123 301.123 301.123 301.123 301.123 
293.15 300.861 302.372 302.667 302.725 302.739 302.746 302.754 302.759 302.761 302.761 302.761 302.761 302.761 302.761 302.761 
293.15 301.071 302.667 302.988 303.056 303.081 303.111 303.153 303.175 303.182 303.185 303.185 303.185 303.185 303.185 303.185 
293.15 301.11 302.725 303.056 303.139 303.205 303.344 303.583 303.682 303.711 303.718 303.72 303.72 303.72 303.72 303.72 
293.15 301.118 302.739 303.081 303.205 303.427 304.082 305.506 305.919 306.012 306.032 306.035 306.036 306.036 306.036 306.036 
293.15 301.12 302.746 303.111 303.344 304.082 306.963 315.802 317.13 317.334 317.366 317.371 317.372 317.372 317.372 317.372 
293.15 301.121 302.754 303.153 303.583 305.506 315.802 373.15 373.15 373.15 373.15 373.15 373.15 373.15 373.15 373.15 
293.15 301.122 302.759 303.175 303.682 305.919 317.13 373.15 
293.15 301.123 302.76 303.182 303.71 306.012 317.333 373.15 
293.15 301.123 302.761 303.184 303.717 306.031 317.365 373.15 
293.15 301.123 302.761 303.184 303.717 306.031 317.365 373.15 

0.4
293.15 293.15 293.15 293.15 293.15 293.15 293.15 293.15 293.15 293.15 293.15 293.15 293.15 293.15 293.15 293.15 
293.15 297.733 299.243 299.646 299.745 299.771 299.781 299.788 299.792 299.795 299.795 299.796 299.796 299.796 299.796 299.796 
293.15 299.243 301.387 301.992 302.151 302.201 302.232 302.262 302.281 302.29 302.293 302.294 302.295 302.295 302.295 302.295 
293.15 299.646 301.992 302.676 302.873 302.967 303.076 303.212 303.289 303.32 303.331 303.334 303.334 303.335 303.335 303.335 
293.15 299.745 302.151 302.873 303.126 303.358 303.782 304.403 304.7 304.802 304.831 304.839 304.841 304.841 304.841 304.841 
293.15 299.771 302.201 302.967 303.358 304.034 305.66 308.478 309.49 309.766 309.833 309.848 309.851 309.852 309.852 309.852 
293.15 299.781 302.232 303.076 303.782 305.66 311.28 323.644 326.173 326.67 326.765 326.784 326.787 326.788 326.788 326.788 
293.15 299.788 302.262 303.212 304.402 308.478 323.644 373.15 373.15 373.15 373.15 373.15 373.15 373.15 373.15 373.15 
293.15 299.792 302.281 303.289 304.7 309.489 326.173 373.15 
293.15 299.795 302.29 303.32 304.801 309.765 326.669 373.15 
293.15 299.795 302.293 303.329 304.829 309.829 326.761 373.15 
293.15 299.795 302.293 303.329 304.829 309.829 326.761 373.15 

0.6
293.15 293.15 293.15 293.15 293.15 293.15 293.15 293.15 293.15 293.15 293.15 293.15 293.15 293.15 293.15 293.15 
293.15 296.547 298.09 298.625 298.79 298.843 298.868 298.887 298.899 298.905 298.908 298.909 298.909 298.909 298.909 298.909 
293.15 298.09 300.431 301.279 301.557 301.665 301.741 301.813 301.86 301.883 301.892 301.895 301.896 301.897 301.897 301.897 
293.15 298.625 301.279 302.273 302.636 302.846 303.085 303.359 303.527 303.602 303.629 303.638 303.64 303.641 303.641 303.641 
293.15 298.79 301.557 302.636 303.127 303.619 304.424 305.474 306.032 306.247 306.316 306.336 306.342 306.343 306.344 306.344 
293.15 298.843 301.665 302.846 303.619 304.898 307.524 311.43 313.045 313.553 313.693 313.729 313.738 313.74 313.74 313.74 
293.15 298.868 301.741 303.085 304.424 307.524 315.172 328.9 332.273 333.061 333.238 333.278 333.286 333.288 333.288 333.288 
293.15 298.887 301.813 303.359 305.474 311.429 328.9 373.15 373.15 373.15 373.15 373.15 373.15 373.15 373.15 373.15 
293.15 298.899 301.86 303.527 306.032 313.044 332.273 373.15 
293.15 298.905 301.882 303.601 306.245 313.55 333.058 373.15 
293.15 298.907 301.89 303.625 306.309 313.682 333.228 373.15 
293.15 298.907 301.89 303.625 306.309 313.682 333.228 373.15 

0.8
293.15 293.15 293.15 293.15 293.15 293.15 293.15 293.15 293.15 293.15 293.15 293.15 293.15 293.15 293.15 293.15 
293.15 295.791 297.253 297.867 298.094 298.182 298.231 298.268 298.292 298.306 298.312 298.315 298.316 298.316 298.316 298.316 
293.15 297.253 299.587 300.601 301.001 301.189 301.331 301.463 301.552 301.598 301.619 301.626 301.629 301.63 301.63 301.63 
293.15 297.867 300.601 301.835 302.383 302.752 303.163 303.606 303.892 304.028 304.083 304.102 304.108 304.11 304.11 304.11 
293.15 298.094 301.001 302.383 303.157 303.977 305.204 306.678 307.52 307.875 308.001 308.041 308.052 308.056 308.056 308.056 
293.15 298.182 301.189 302.752 303.977 305.914 309.438 314.143 316.285 317.037 317.268 317.333 317.351 317.355 317.356 317.356 
293.15 298.231 301.331 303.163 305.204 309.438 318.469 332.651 336.568 337.606 337.871 337.937 337.953 337.957 337.957 337.957 
293.15 298.268 301.463 303.606 306.678 314.143 332.651 373.15 373.15 373.15 373.15 373.15 373.15 373.15 373.15 373.15 
293.15 298.292 301.552 303.891 307.519 316.284 336.567 373.15 
293.15 298.306 301.597 304.026 307.87 317.031 337.601 373.15 
293.15 298.311 301.615 304.074 307.984 317.244 337.85 373.15 
293.15 298.311 301.615 304.074 307.984 317.244 337.85 373.15 

1
293.15 293.15 293.15 293.15 293.15 293.15 293.15 293.15 293.15 293.15 293.15 293.15 293.15 293.15 293.15 293.15 
293.15 295.286 296.633 297.289 297.571 297.7 297.781 297.843 297.887 297.911 297.924 297.929 297.931 297.931 297.932 297.932 
293.15 296.633 298.872 299.994 300.51 300.793 301.021 301.229 301.373 301.453 301.489 301.504 301.509 301.511 301.512 301.512 
293.15 297.289 299.994 301.405 302.146 302.703 303.314 303.945 304.367 304.581 304.672 304.707 304.718 304.722 304.723 304.723 
293.15 297.571 300.51 302.146 303.225 304.409 306.062 307.928 309.051 309.56 309.755 309.822 309.843 309.85 309.851 309.851 
293.15 297.7 300.793 302.703 304.409 306.996 311.275 316.561 319.135 320.118 320.448 320.55 320.579 320.588 320.59 320.59 
293.15 297.781 301.021 303.314 306.062 311.274 321.22 335.464 339.716 340.955 341.305 341.401 341.427 341.434 341.435 341.435 
293.15 297.843 301.228 303.944 307.927 316.561 335.464 373.15 373.15 373.15 373.15 373.15 373.15 373.15 373.15 373.15 
293.15 297.886 301.372 304.365 309.049 319.132 339.714 373.15 
293.15 297.91 301.45 304.576 309.551 320.106 340.946 373.15 
293.15 297.921 301.481 304.655 309.725 320.407 341.271 373.15 
293.15 297.921 301.481 304.655 309.725 320.407 341.271 373.15 

1.2
293.15 293.15 293.15 293.15 293.15 293.15 293.15 293.15 293.15 293.15 293.15 293.15 293.15 293.15 293.15 293.15 
293.15 294.933 296.166 296.839 297.17 297.344 297.464 297.559 297.627 297.667 297.687 297.696 297.7 297.702 297.702 297.702 
293.15 296.166 298.279 299.467 300.092 300.482 300.811 301.107 301.318 301.439 301.498 301.523 301.532 301.536 301.537 301.537 
293.15 296.839 299.467 301.013 301.944 302.709 303.535 304.36 304.928 305.231 305.368 305.422 305.442 305.449 305.451 305.451 
293.15 297.17 300.092 301.944 303.333 304.892 306.95 309.169 310.556 311.221 311.494 311.594 311.628 311.639 311.642 311.642 
293.15 297.344 300.482 302.709 304.892 308.085 312.979 318.69 321.607 322.797 323.227 323.371 323.416 323.429 323.433 323.433 
293.15 297.464 300.811 303.535 306.95 312.979 323.52 337.656 342.11 343.505 343.933 344.06 344.097 344.108 344.11 344.11 
293.15 297.559 301.107 304.359 309.168 318.688 337.655 373.15 373.15 373.15 373.15 373.15 373.15 373.15 373.15 373.15 
293.15 297.626 301.316 304.925 310.551 321.602 342.106 373.15 
293.15 297.665 301.434 305.221 311.206 322.778 343.491 373.15 
293.15 297.681 301.483 305.338 311.444 323.163 343.882 373.15 
293.15 297.681 301.483 305.338 311.444 323.163 343.882 373.15 

1.4
293.15 293.15 293.15 293.15 293.15 293.15 293.15 293.15 293.15 293.15 293.15 293.15 293.15 293.15 293.15 293.15 
293.15 294.678 295.807 296.486 296.859 297.082 297.246 297.38 297.477 297.536 297.567 297.582 297.588 297.591 297.592 297.592 
293.15 295.807 297.794 299.023 299.749 300.252 300.693 301.086 301.372 301.541 301.627 301.665 301.681 301.687 301.689 301.689 
293.15 296.486 299.023 300.672 301.789 302.769 303.815 304.835 305.551 305.95 306.138 306.218 306.249 306.259 306.263 306.263 
293.15 296.859 299.749 301.789 303.482 305.406 307.838 310.369 311.995 312.813 313.167 313.305 313.355 313.372 313.377 313.377 
293.15 297.082 300.252 302.769 305.406 309.143 314.534 320.557 323.744 325.114 325.641 325.829 325.891 325.911 325.917 325.917 
293.15 297.246 300.692 303.814 307.837 314.534 325.459 339.414 343.986 345.502 345.999 346.158 346.207 346.222 346.226 346.226 
293.15 297.379 301.085 304.833 310.366 320.554 339.412 373.15 373.15 373.15 373.15 373.15 373.15 373.15 373.15 373.15 
293.15 297.475 301.369 305.545 311.987 323.735 343.98 373.15 
293.15 297.532 301.532 305.933 312.788 325.086 345.481 373.15 
293.15 297.557 301.602 306.091 313.093 325.55 345.928 373.15 
293.15 297.557 301.602 306.091 313.093 325.55 345.928 373.15 

1.6
293.15 293.15 293.15 293.15 293.15 293.15 293.15 293.15 293.15 293.15 293.15 293.15 293.15 293.15 293.15 293.15 
293.15 294.488 295.529 296.206 296.619 296.891 297.105 297.281 297.411 297.493 297.538 297.56 297.569 297.573 297.575 297.575 
293.15 295.529 297.4 298.655 299.477 300.097 300.654 301.15 301.516 301.739 301.857 301.912 301.935 301.944 301.947 301.947 
293.15 296.206 298.655 300.39 301.685 302.879 304.142 305.351 306.214 306.711 306.956 307.064 307.108 307.125 307.13 307.13 
293.15 296.619 299.477 301.685 303.666 305.936 308.705 311.509 313.349 314.311 314.748 314.927 314.995 315.019 315.027 315.027 
293.15 296.891 300.097 302.879 305.936 310.151 315.941 322.196 325.595 327.12 327.737 327.969 328.052 328.079 328.087 328.087 
293.15 297.104 300.653 304.141 308.703 315.94 327.11 340.859 345.497 347.105 347.662 347.851 347.913 347.933 347.939 347.939 
293.15 297.28 301.148 305.348 311.505 322.192 340.857 373.15 373.15 373.15 373.15 373.15 373.15 373.15 373.15 373.15 
293.15 297.409 301.511 306.205 313.337 325.581 345.488 373.15 
293.15 297.487 301.725 306.685 314.275 327.079 347.076 373.15 
293.15 297.522 301.819 306.887 314.643 327.614 347.57 373.15 
293.15 297.522 301.819 306.887 314.643 327.614 347.57 373.15 

1.8
293.15 293.15 293.15 293.15 293.15 293.15 293.15 293.15 293.15 293.15 293.15 293.15 293.15 293.15 293.15 293.15 
293.15 294.343 295.311 295.986 296.435 296.758 297.023 297.245 297.411 297.519 297.579 297.609 297.623 297.629 297.631 297.631 
293.15 295.311 297.082 298.358 299.269 300.006 300.682 301.284 301.732 302.013 302.166 302.24 302.273 302.286 302.29 302.29 
293.15 295.986 298.358 300.168 301.63 303.033 304.504 305.893 306.898 307.493 307.798 307.938 307.997 308.02 308.028 308.028 
293.15 296.435 299.269 301.63 303.882 306.471 309.54 312.582 314.612 315.707 316.225 316.447 316.535 316.568 316.579 316.579 
293.15 296.758 300.006 303.032 306.47 311.099 317.21 323.639 327.205 328.862 329.562 329.839 329.942 329.978 329.989 329.989 
293.15 297.022 300.681 304.502 309.538 317.209 328.529 342.069 346.74 348.419 349.027 349.245 349.321 349.347 349.354 349.354 
293.15 297.244 301.281 305.889 312.576 323.633 342.065 373.15 373.15 373.15 373.15 373.15 373.15 373.15 373.15 373.15 
293.15 297.408 301.724 306.885 314.594 327.186 346.727 373.15 
293.15 297.509 301.992 307.456 315.656 328.807 348.38 373.15 
293.15 297.555 302.112 307.702 316.085 329.404 348.913 373.15 
293.15 297.555 302.112 307.702 316.085 329.404 348.913 373.15 

2
293.15 293.15 293.15 293.15 293.15 293.15 293.15 293.15 293.15 293.15 293.15 293.15 293.15 293.15 293.15 293.15 
293.15 294.232 295.14 295.813 296.296 296.67 296.988 297.258 297.462 297.597 297.675 297.715 297.734 297.742 297.745 297.745 
293.15 295.14 296.83 298.124 299.12 299.972 300.766 301.472 302.005 302.345 302.535 302.631 302.674 302.693 302.699 302.699 
293.15 295.813 298.124 300.003 301.623 303.223 304.891 306.45 307.589 308.28 308.645 308.82 308.896 308.927 308.937 308.937 
293.15 296.296 299.12 301.623 304.123 307.002 310.336 313.587 315.783 317 317.596 317.861 317.971 318.014 318.028 318.028 
293.15 296.67 299.971 303.222 307.001 311.986 318.355 324.916 328.615 330.384 331.159 331.478 331.602 331.648 331.663 331.663 
293.15 296.987 300.764 304.889 310.334 318.353 329.762 343.098 347.781 349.514 350.168 350.412 350.502 350.534 350.543 350.543 
293.15 297.256 301.468 306.443 313.578 324.908 343.093 373.15 373.15 373.15 373.15 373.15 373.15 373.15 373.15 373.15 
293.15 297.457 301.993 307.57 315.758 328.589 347.764 373.15 
293.15 297.583 302.315 308.23 316.932 330.312 349.466 373.15 
293.15 297.642 302.461 308.519 317.417 330.963 350.029 373.15 
293.15 297.642 302.461 308.519 317.417 330.963 350.029 373.15 

2.2
293.15 293.15 293.15 293.15 293.15 293.15 293.15 293.15 293.15 293.15 293.15 293.15 293.15 293.15 293.15 293.15 
293.15 294.145 295.006 295.679 296.196 296.62 296.991 297.309 297.553 297.716 297.812 297.863 297.888 297.899 297.903 297.903 
293.15 295.006 296.631 297.945 299.022 299.985 300.893 301.703 302.318 302.719 302.948 303.067 303.123 303.147 303.156 303.156 
293.15 295.679 297.945 299.89 301.658 303.443 305.295 307.011 308.277 309.06 309.485 309.695 309.79 309.829 309.843 309.843 
293.15 296.196 299.022 301.658 304.386 307.525 311.093 314.523 316.866 318.194 318.863 319.172 319.305 319.359 319.377 319.377 
293.15 296.619 299.984 303.442 307.524 312.811 319.391 326.052 329.856 331.72 332.563 332.923 333.069 333.125 333.144 333.144 
293.15 296.99 300.891 305.291 311.089 319.387 330.842 343.985 348.667 350.443 351.135 351.404 351.507 351.545 351.557 351.557 
293.15 297.306 301.696 307.001 314.512 326.04 343.978 373.15 373.15 373.15 373.15 373.15 373.15 373.15 373.15 373.15 
293.15 297.545 302.301 308.251 316.833 329.823 348.645 373.15 
293.15 297.696 302.677 308.993 318.107 331.63 350.383 373.15 
293.15 297.768 302.85 309.324 318.643 332.327 350.972 373.15 
293.15 297.768 302.85 309.324 318.643 332.327 350.972 373.15 

2.4
293.15 293.15 293.15 293.15 293.15 293.15 293.15 293.15 293.15 293.15 293.15 293.15 293.15 293.15 293.15 293.15 
293.15 294.078 294.902 295.578 296.128 296.6 297.023 297.39 297.672 297.864 297.98 298.044 298.075 298.09 298.095 298.095 
293.15 294.902 296.478 297.814 298.969 300.037 301.056 301.964 302.66 303.12 303.39 303.533 303.603 303.633 303.645 303.645 
293.15 295.578 297.814 299.824 301.73 303.687 305.708 307.569 308.952 309.823 310.308 310.553 310.668 310.717 310.735 310.735 
293.15 296.127 298.969 301.73 304.665 308.036 311.808 315.396 317.868 319.296 320.034 320.385 320.542 320.607 320.63 320.63 
293.15 296.599 300.036 303.686 308.034 313.58 320.329 327.067 330.957 332.901 333.805 334.204 334.372 334.438 334.461 334.461 
293.15 297.022 301.053 305.703 311.803 320.325 331.795 344.757 349.43 351.239 351.964 352.257 352.373 352.417 352.432 352.432 
293.15 297.385 301.955 307.556 315.38 327.052 344.748 373.15 373.15 373.15 373.15 373.15 373.15 373.15 373.15 373.15 
293.15 297.662 302.638 308.918 317.825 330.915 349.403 373.15 
293.15 297.839 303.066 309.738 319.187 332.792 351.167 373.15 
293.15 297.923 303.266 310.108 319.768 333.528 351.777 373.15 
293.15 297.923 303.266 310.108 319.768 333.528 351.777 373.15 

2.6
293.15 293.15 293.15 293.15 293.15 293.15 293.15 293.15 293.15 293.15 293.15 293.15 293.15 293.15 293.15 293.15 
293.15 294.027 294.823 295.504 296.086 296.605 297.079 297.493 297.814 298.035 298.171 298.247 298.286 298.304 298.311 298.311 
293.15 294.823 296.363 297.725 298.954 300.122 301.245 302.248 303.021 303.54 303.85 304.018 304.102 304.14 304.154 304.154 
293.15 295.504 297.725 299.798 301.833 303.949 306.124 308.118 309.61 310.563 311.105 311.387 311.522 311.582 311.604 311.604 
293.15 296.085 298.953 301.833 304.955 308.533 312.484 316.209 318.794 320.312 321.115 321.507 321.687 321.764 321.792 321.792 
293.15 296.604 300.12 303.947 308.531 314.297 321.183 327.979 331.938 333.952 334.911 335.346 335.534 335.612 335.639 335.639 
293.15 297.077 301.241 306.117 312.477 321.178 332.643 345.436 350.094 351.93 352.685 352.998 353.126 353.177 353.194 353.194 
293.15 297.487 302.236 308.101 316.188 327.96 345.425 373.15 373.15 373.15 373.15 373.15 373.15 373.15 373.15 373.15 
293.15 297.8 302.992 309.566 318.74 331.887 350.062 373.15 
293.15 298.002 303.471 310.458 320.18 333.821 351.846 373.15 
293.15 298.099 303.696 310.864 320.802 334.591 352.472 373.15 
293.15 298.099 303.696 310.864 320.802 334.591 352.472 373.15 

2.8
293.15 293.15 293.15 293.15 293.15 293.15 293.15 293.15 293.15 293.15 293.15 293.15 293.15 293.15 293.15 293.15 
293.15 293.988 294.764 295.453 296.066 296.631 297.154 297.612 297.971 298.221 298.378 298.467 298.513 298.535 298.544 298.544 
293.15 294.764 296.281 297.67 298.97 300.233 301.455 302.546 303.393 303.968 304.317 304.511 304.61 304.656 304.674 304.674 
293.15 295.452 297.67 299.809 301.963 304.223 306.539 308.655 310.247 311.277 311.874 312.191 312.347 312.418 312.445 312.445 
293.15 296.066 298.969 301.962 305.254 309.015 313.122 316.966 319.651 321.25 322.112 322.544 322.748 322.837 322.87 322.87 
293.15 296.63 300.231 304.22 309.012 314.965 321.964 328.803 332.818 334.892 335.899 336.368 336.577 336.666 336.698 336.698 
293.15 297.151 301.448 306.531 313.113 321.957 333.402 346.038 350.679 352.536 353.315 353.648 353.788 353.845 353.865 353.865 
293.15 297.604 302.53 308.633 316.94 328.779 346.025 373.15 373.15 373.15 373.15 373.15 373.15 373.15 373.15 373.15 
293.15 297.953 303.355 310.192 319.585 332.757 350.641 373.15 
293.15 298.18 303.883 311.149 321.093 334.739 352.439 373.15 
293.15 298.289 304.133 311.589 321.751 335.537 353.078 373.15 
293.15 298.289 304.133 311.589 321.751 335.537 353.078 373.15 

3
293.15 293.15 293.15 293.15 293.15 293.15 293.15 293.15 293.15 293.15 293.15 293.15 293.15 293.15 293.15 293.15 
293.15 293.959 294.722 295.421 296.065 296.673 297.242 297.743 298.139 298.417 298.593 298.696 298.75 298.777 298.787 298.787 
293.15 294.722 296.227 297.646 299.014 300.365 301.678 302.852 303.768 304.397 304.786 305.005 305.119 305.174 305.195 305.195 
293.15 295.42 297.646 299.848 302.114 304.506 306.95 309.176 310.859 311.961 312.61 312.962 313.139 313.222 313.254 313.254 
293.15 296.064 299.013 302.113 305.559 309.481 313.725 317.672 320.445 322.117 323.035 323.504 323.731 323.832 323.871 323.871 
293.15 296.671 300.362 304.502 309.477 315.589 322.679 329.551 333.612 335.737 336.789 337.289 337.518 337.617 337.654 337.654 
293.15 297.238 301.67 306.939 313.713 322.67 334.087 346.576 351.197 353.071 353.873 354.222 354.374 354.438 354.46 354.46 
293.15 297.733 302.832 309.148 317.64 329.522 346.56 373.15 373.15 373.15 373.15 373.15 373.15 373.15 373.15 373.15 
293.15 298.116 303.722 310.792 320.366 333.539 351.153 373.15 
293.15 298.366 304.294 311.809 321.933 335.562 352.961 373.15 
293.15 298.488 304.568 312.28 322.623 336.383 353.61 373.15 
293.15 298.488 304.568 312.28 322.623 336.383 353.61 373.15 

3.2
293.15 293.15 293.15 293.15 293.15 293.15 293.15 293.15 293.15 293.15 293.15 293.15 293.15 293.15 293.15 293.15 
293.15 293.938 294.694 295.405 296.079 296.728 297.341 297.882 298.313 298.618 298.814 298.93 298.992 299.023 299.036 299.036 
293.15 294.694 296.195 297.647 299.079 300.512 301.911 303.162 304.143 304.823 305.249 305.493 305.623 305.687 305.712 305.712 
293.15 295.405 297.647 299.913 302.282 304.794 307.354 309.68 311.446 312.615 313.313 313.699 313.897 313.991 314.028 314.028 
293.15 296.079 299.078 302.28 305.865 309.93 314.294 318.332 321.182 322.92 323.888 324.393 324.642 324.756 324.8 324.8 
293.15 296.726 300.508 304.789 309.926 316.174 323.337 330.232 334.332 336.501 337.592 338.122 338.37 338.48 338.521 338.521 
293.15 297.335 301.9 307.34 314.279 323.327 334.707 347.06 351.66 353.548 354.369 354.734 354.897 354.966 354.992 354.992 
293.15 297.87 303.137 309.646 318.293 330.198 347.04 373.15 373.15 373.15 373.15 373.15 373.15 373.15 373.15 373.15 
293.15 298.284 304.087 311.366 321.089 334.247 351.609 373.15 
293.15 298.557 304.702 312.437 322.708 336.302 353.424 373.15 
293.15 298.69 304.996 312.936 323.426 337.144 354.082 373.15 
293.15 298.69 304.996 312.936 323.426 337.144 354.082 373.15 

3.4
293.15 293.15 293.15 293.15 293.15 293.15 293.15 293.15 293.15 293.15 293.15 293.15 293.15 293.15 293.15 293.15 
293.15 293.924 294.678 295.403 296.106 296.793 297.447 298.027 298.49 298.821 299.036 299.165 299.236 299.272 299.286 299.286 
293.15 294.678 296.183 297.669 299.162 300.672 302.149 303.472 304.513 305.242 305.703 305.972 306.118 306.19 306.219 306.219 
293.15 295.402 297.669 299.999 302.463 305.085 307.749 310.165 312.007 313.237 313.982 314.4 314.619 314.724 314.766 314.766 
293.15 296.105 299.161 302.461 306.172 310.364 314.832 318.948 321.866 323.663 324.678 325.217 325.488 325.615 325.664 325.664 
293.15 296.79 300.667 305.079 310.359 316.722 323.945 330.857 334.987 337.195 338.321 338.878 339.144 339.264 339.31 339.31 
293.15 297.44 302.136 307.732 314.814 323.933 335.271 347.497 352.077 353.975 354.813 355.193 355.366 355.441 355.47 355.47 
293.15 298.011 303.442 310.124 318.902 330.817 347.475 373.15 373.15 373.15 373.15 373.15 373.15 373.15 373.15 373.15 
293.15 298.456 304.447 311.913 321.759 334.889 352.018 373.15 
293.15 298.75 305.1 313.033 323.424 336.972 353.837 373.15 
293.15 298.893 305.415 313.558 324.167 337.831 354.502 373.15 
293.15 298.893 305.415 313.558 324.167 337.831 354.502 373.15 

3.6
293.15 293.15 293.15 293.15 293.15 293.15 293.15 293.15 293.15 293.15 293.15 293.15 293.15 293.15 293.15 293.15 
293.15 293.917 294.671 295.411 296.143 296.866 297.558 298.174 298.667 299.023 299.257 299.398 299.478 299.518 299.535 299.535 
293.15 294.671 296.187 297.709 299.26 300.841 302.39 303.778 304.876 305.65 306.145 306.438 306.599 306.68 306.713 306.713 
293.15 295.411 297.708 300.101 302.654 305.376 308.134 310.631 312.542 313.829 314.617 315.065 315.304 315.422 315.469 315.469 
293.15 296.142 299.258 302.652 306.477 310.781 315.34 319.525 322.504 324.354 325.412 325.982 326.274 326.413 326.467 326.467 
293.15 296.863 300.835 305.368 310.775 317.237 324.509 331.43 335.586 337.827 338.986 339.568 339.851 339.981 340.032 340.032 
293.15 297.55 302.374 308.113 315.319 324.494 335.788 347.895 352.453 354.36 355.213 355.607 355.789 355.87 355.901 355.901 
293.15 298.155 303.742 310.582 319.472 331.384 347.869 373.15 373.15 373.15 373.15 373.15 373.15 373.15 373.15 373.15 
293.15 298.627 304.798 312.433 322.381 335.475 352.387 373.15 
293.15 298.94 305.487 313.597 324.085 337.581 354.209 373.15 
293.15 299.094 305.82 314.144 324.85 338.454 354.879 373.15 
293.15 299.094 305.82 314.144 324.85 338.454 354.879 373.15 

3.8
293.15 293.15 293.15 293.15 293.15 293.15 293.15 293.15 293.15 293.15 293.15 293.15 293.15 293.15 293.15 293.15 
293.15 293.914 294.673 295.429 296.188 296.945 297.672 298.321 298.843 299.222 299.474 299.628 299.715 299.76 299.779 299.779 
293.15 294.673 296.204 297.763 299.37 301.016 302.63 304.079 305.229 306.045 306.572 306.888 307.064 307.154 307.192 307.192 
293.15 295.429 297.762 300.217 302.852 305.664 308.507 311.077 313.051 314.389 315.218 315.696 315.954 316.083 316.136 316.136 
293.15 296.187 299.367 302.85 306.779 311.183 315.821 320.066 323.098 324.995 326.093 326.693 327.004 327.155 327.215 327.215 
293.15 296.941 301.008 305.655 311.175 317.722 325.032 331.96 336.135 338.406 339.593 340.198 340.498 340.638 340.693 340.693 
293.15 297.662 302.612 308.482 315.796 325.015 336.263 348.258 352.796 354.709 355.575 355.981 356.172 356.259 356.293 356.293 
293.15 298.299 304.037 311.02 320.004 331.907 348.229 373.15 373.15 373.15 373.15 373.15 373.15 373.15 373.15 373.15 
293.15 298.796 305.139 312.926 322.959 336.012 352.722 373.15 
293.15 299.128 305.86 314.129 324.698 338.135 354.544 373.15 
293.15 299.291 306.21 314.697 325.481 339.021 355.218 373.15 
293.15 299.291 306.21 314.697 325.481 339.021 355.218 373.15 

4
293.15 293.15 293.15 293.15 293.15 293.15 293.15 293.15 293.15 293.15 293.15 293.15 293.15 293.15 293.15 293.15 
293.15 293.915 294.681 295.455 296.24 297.028 297.788 298.467 299.016 299.417 299.685 299.851 299.947 299.997 300.018 300.018 
293.15 294.681 296.232 297.828 299.487 301.194 302.869 304.373 305.57 306.425 306.983 307.321 307.512 307.611 307.652 307.652 
293.15 295.454 297.827 300.342 303.055 305.949 308.868 311.504 313.534 314.92 315.786 316.292 316.569 316.709 316.767 316.767 
293.15 296.238 299.484 303.052 307.077 311.569 316.277 320.574 323.652 325.592 326.726 327.354 327.684 327.847 327.912 327.912 
293.15 297.023 301.185 305.938 311.56 318.18 325.52 332.449 336.641 338.938 340.151 340.777 341.092 341.242 341.301 341.301 
293.15 297.776 302.847 308.839 316.248 325.5 336.701 348.592 353.108 355.027 355.905 356.322 356.522 356.614 356.65 356.65 
293.15 298.442 304.324 311.438 320.503 332.39 348.559 373.15 373.15 373.15 373.15 373.15 373.15 373.15 373.15 373.15 
293.15 298.963 305.468 313.394 323.496 336.504 353.027 373.15 
293.15 299.311 306.218 314.631 325.265 338.643 354.849 373.15 
293.15 299.482 306.583 315.218 326.065 339.539 355.526 373.15 
293.15 299.482 306.583 315.218 326.065 339.539 355.526 373.15 

4.2
293.15 293.15 293.15 293.15 293.15 293.15 293.15 293.15 293.15 293.15 293.15 293.15 293.15 293.15 293.15 293.15 
293.15 293.919 294.695 295.486 296.296 297.114 297.904 298.612 299.185 299.606 299.89 300.068 300.171 300.226 300.249 300.249 
293.15 294.695 296.27 297.903 299.611 301.374 303.104 304.659 305.899 306.791 307.377 307.736 307.941 308.049 308.094 308.094 
293.15 295.486 297.902 300.476 303.261 306.229 309.216 311.911 313.993 315.422 316.323 316.855 317.15 317.301 317.364 317.364 
293.15 296.294 299.608 303.257 307.369 311.94 316.709 321.051 324.17 326.149 327.316 327.969 328.317 328.491 328.562 328.562 
293.15 297.108 301.363 306.216 311.929 318.612 325.976 332.904 337.109 339.427 340.664 341.31 341.639 341.798 341.862 341.862 
293.15 297.891 303.079 309.183 316.675 325.953 337.106 348.899 353.395 355.318 356.206 356.634 356.841 356.938 356.976 356.976 
293.15 298.582 304.603 311.837 320.971 332.837 348.863 373.15 373.15 373.15 373.15 373.15 373.15 373.15 373.15 373.15 
293.15 299.124 305.784 313.835 323.998 336.958 353.306 373.15 
293.15 299.487 306.561 315.105 325.793 339.108 355.126 373.15 
293.15 299.667 306.94 315.707 326.607 340.013 355.805 373.15 
293.15 299.667 306.94 315.707 326.607 340.013 355.805 373.15 

4.4
293.15 293.15 293.15 293.15 293.15 293.15 293.15 293.15 293.15 293.15 293.15 293.15 293.15 293.15 293.15 293.15 
293.15 293.926 294.714 295.523 296.357 297.202 298.02 298.753 299.349 299.789 300.088 300.276 300.387 300.446 300.472 300.472 
293.15 294.714 296.314 297.984 299.74 301.554 303.335 304.935 306.216 307.14 307.753 308.132 308.351 308.467 308.516 308.516 
293.15 295.522 297.983 300.615 303.467 306.503 309.552 312.3 314.427 315.896 316.829 317.386 317.698 317.86 317.927 317.927 
293.15 296.354 299.735 303.463 307.654 312.296 317.118 321.499 324.655 326.668 327.865 328.542 328.908 329.092 329.168 329.168 
293.15 297.195 301.542 306.488 312.284 319.021 326.403 333.326 337.542 339.88 341.137 341.802 342.144 342.312 342.379 342.379 
293.15 298.004 303.306 309.514 317.08 326.378 337.483 349.183 353.659 355.584 356.482 356.919 357.133 357.235 357.276 357.276 
293.15 298.72 304.872 312.216 321.41 333.252 349.143 373.15 373.15 373.15 373.15 373.15 373.15 373.15 373.15 373.15 
293.15 299.281 306.087 314.253 324.465 337.377 353.562 373.15 
293.15 299.658 306.888 315.55 326.283 339.537 355.379 373.15 
293.15 299.844 307.28 316.167 327.109 340.448 356.06 373.15 
293.15 299.844 307.28 316.167 327.109 340.448 356.06 373.15 

4.6
293.15 293.15 293.15 293.15 293.15 293.15 293.15 293.15 293.15 293.15 293.15 293.15 293.15 293.15 293.15 293.15 
293.15 293.936 294.736 295.563 296.419 297.29 298.134 298.891 299.507 299.965 300.278 300.476 300.594 300.658 300.686 300.686 
293.15 294.736 296.364 298.071 299.871 301.733 303.56 305.202 306.519 307.474 308.112 308.509 308.741 308.865 308.918 308.918 
293.15 295.562 298.07 300.759 303.673 306.771 309.874 312.67 314.839 316.343 317.307 317.886 318.214 318.386 318.459 318.459 
293.15 296.416 299.866 303.668 307.933 312.637 317.506 321.922 325.11 327.153 328.378 329.077 329.459 329.653 329.734 329.734 
293.15 297.282 301.719 306.753 312.624 319.408 326.804 333.721 337.944 340.298 341.575 342.256 342.611 342.787 342.859 342.859 
293.15 298.116 303.527 309.832 317.464 326.775 337.833 349.446 353.902 355.83 356.736 357.181 357.403 357.509 357.552 357.552 
293.15 298.853 305.131 312.577 321.823 333.639 349.402 373.15 373.15 373.15 373.15 373.15 373.15 373.15 373.15 373.15 
293.15 299.432 306.376 314.648 324.902 337.765 353.798 373.15 
293.15 299.821 307.199 315.969 326.739 339.932 355.612 373.15 
293.15 300.014 307.602 316.599 327.576 340.85 356.294 373.15 
293.15 300.014 307.602 316.599 327.576 340.85 356.294 373.15 

4.8
293.15 293.15 293.15 293.15 293.15 293.15 293.15 293.15 293.15 293.15 293.15 293.15 293.15 293.15 293.15 293.15 
293.15 293.947 294.761 295.606 296.484 297.378 298.245 299.024 299.66 300.133 300.459 300.668 300.793 300.861 300.89 300.89 
293.15 294.761 296.418 298.162 300.004 301.91 303.779 305.458 306.808 307.792 308.453 308.867 309.111 309.243 309.3 309.3 
293.15 295.604 298.16 300.904 303.876 307.031 310.184 313.022 315.229 316.766 317.757 318.357 318.701 318.883 318.96 318.96 
293.15 296.48 299.998 303.871 308.204 312.965 317.874 322.32 325.535 327.607 328.856 329.576 329.973 330.177 330.263 330.263 
293.15 297.369 301.893 307.011 312.95 319.774 327.18 334.089 338.318 340.687 341.981 342.677 343.044 343.227 343.303 343.303 
293.15 298.225 303.741 310.137 317.827 327.149 338.16 349.691 354.128 356.056 356.97 357.423 357.651 357.761 357.806 357.806 
293.15 298.982 305.379 312.919 322.211 334 349.643 373.15 373.15 373.15 373.15 373.15 373.15 373.15 373.15 373.15 
293.15 299.577 306.652 315.02 325.311 338.125 354.016 373.15 
293.15 299.977 307.494 316.363 327.163 340.298 355.826 373.15 
293.15 300.176 307.907 317.004 328.01 341.22 356.508 373.15 
293.15 300.176 307.907 317.004 328.01 341.22 356.508 373.15 

5
293.15 293.15 293.15 293.15 293.15 293.15 293.15 293.15 293.15 293.15 293.15 293.15 293.15 293.15 293.15 293.15 
293.15 293.959 294.788 295.651 296.55 297.466 298.355 299.153 299.806 300.295 300.632 300.85 300.982 301.054 301.085 301.085 
293.15 294.788 296.476 298.256 300.138 302.084 303.99 305.704 307.085 308.094 308.776 309.207 309.463 309.602 309.662 309.662 
293.15 295.649 298.254 301.05 304.077 307.283 310.482 313.358 315.597 317.164 318.18 318.8 319.159 319.35 319.432 319.432 
293.15 296.545 300.13 304.071 308.467 313.279 318.224 322.695 325.935 328.031 329.303 330.042 330.453 330.666 330.757 330.757 
293.15 297.455 302.065 307.261 313.262 320.122 327.535 334.434 338.666 341.048 342.357 343.068 343.445 343.636 343.715 343.715 
293.15 298.332 303.949 310.429 318.172 327.5 338.466 349.919 354.337 356.266 357.186 357.646 357.88 357.995 358.042 358.042 
293.15 299.107 305.618 313.244 322.576 334.337 349.868 373.15 373.15 373.15 373.15 373.15 373.15 373.15 373.15 373.15 
293.15 299.716 306.915 315.372 325.693 338.46 354.218 373.15 
293.15 300.126 307.774 316.733 327.56 340.637 356.023 373.15 
293.15 300.33 308.196 317.385 328.415 341.562 356.706 373.15 
293.15 300.33 308.196 317.385 328.415 341.562 356.706 373.15 

5.2
293.15 293.15 293.15 293.15 293.15 293.15 293.15 293.15 293.15 293.15 293.15 293.15 293.15 293.15 293.15 293.15 
293.15 293.973 294.817 295.697 296.616 297.552 298.461 299.277 299.946 300.448 300.797 301.024 301.161 301.237 301.271 301.271 
293.15 294.816 296.536 298.351 300.27 302.254 304.195 305.94 307.348 308.381 309.082 309.529 309.795 309.941 310.005 310.005 
293.15 295.695 298.348 301.196 304.275 307.528 310.766 313.676 315.946 317.54 318.579 319.218 319.589 319.789 319.875 319.875 
293.15 296.611 300.262 304.267 308.721 313.58 318.556 323.049 326.31 328.429 329.721 330.478 330.902 331.124 331.218 331.218 
293.15 297.541 302.233 307.503 313.561 320.452 327.869 334.758 338.992 341.384 342.707 343.431 343.819 344.016 344.099 344.099 
293.15 298.435 304.149 310.708 318.499 327.831 338.753 350.132 354.531 356.461 357.386 357.853 358.092 358.211 358.259 358.259 
293.15 299.226 305.845 313.553 322.92 334.653 350.077 373.15 373.15 373.15 373.15 373.15 373.15 373.15 373.15 373.15 
293.15 299.848 307.164 315.703 326.051 338.771 354.405 373.15 
293.15 300.268 308.039 317.081 327.93 340.951 356.206 373.15 
293.15 300.476 308.468 317.742 328.791 341.88 356.888 373.15 
293.15 300.476 308.468 317.742 328.791 341.88 356.888 373.15 

5.4
293.15 293.15 293.15 293.15 293.15 293.15 293.15 293.15 293.15 293.15 293.15 293.15 293.15 293.15 293.15 293.15 
293.15 293.987 294.846 295.744 296.682 297.637 298.564 299.397 300.08 300.595 300.954 301.188 301.332 301.412 301.447 301.447 
293.15 294.846 296.598 298.446 300.401 302.419 304.393 306.165 307.598 308.652 309.372 309.832 310.11 310.263 310.33 310.33 
293.15 295.742 298.444 301.341 304.468 307.764 311.039 313.979 316.276 317.894 318.954 319.61 319.994 320.202 320.293 320.293 
293.15 296.676 300.392 304.459 308.968 313.867 318.872 323.383 326.663 328.801 330.113 330.885 331.321 331.552 331.65 331.65 
293.15 297.624 302.396 307.737 313.847 320.765 328.184 335.061 339.296 341.698 343.033 343.768 344.166 344.37 344.455 344.455 
293.15 298.536 304.342 310.975 318.81 328.143 339.022 350.331 354.713 356.642 357.572 358.045 358.289 358.411 358.462 358.462 
293.15 299.341 306.063 313.846 323.245 334.949 350.272 373.15 373.15 373.15 373.15 373.15 373.15 373.15 373.15 373.15 
293.15 299.975 307.401 316.016 326.387 339.062 354.579 373.15 
293.15 300.402 308.289 317.409 328.275 341.243 356.375 373.15 
293.15 300.615 308.726 318.077 329.143 342.174 357.057 373.15 
293.15 300.615 308.726 318.077 329.143 342.174 357.057 373.15 

5.6
293.15 293.15 293.15 293.15 293.15 293.15 293.15 293.15 293.15 293.15 293.15 293.15 293.15 293.15 293.15 293.15 
293.15 294.002 294.877 295.792 296.747 297.72 298.663 299.511 300.208 300.734 301.102 301.344 301.493 301.577 301.614 301.614 
293.15 294.876 296.66 298.542 300.53 302.58 304.583 306.381 307.836 308.91 309.646 310.12 310.407 310.566 310.636 310.636 
293.15 295.79 298.539 301.484 304.656 307.992 311.3 314.267 316.588 318.228 319.307 319.979 320.375 320.591 320.685 320.685 
293.15 296.741 300.52 304.647 309.206 314.143 319.171 323.698 326.995 329.15 330.479 331.266 331.714 331.952 332.054 332.054 
293.15 297.706 302.555 307.962 314.12 321.063 328.482 335.347 339.581 341.991 343.337 344.083 344.489 344.699 344.788 344.788 
293.15 298.633 304.527 311.23 319.104 328.437 339.275 350.518 354.882 356.81 357.745 358.223 358.472 358.597 358.649 358.649 
293.15 299.451 306.27 314.123 323.55 335.227 350.455 373.15 373.15 373.15 373.15 373.15 373.15 373.15 373.15 373.15 
293.15 300.095 307.625 316.311 326.702 339.334 354.741 373.15 
293.15 300.53 308.525 317.716 328.599 341.516 356.532 373.15 
293.15 300.746 308.968 318.391 329.471 342.448 357.214 373.15 
293.15 300.746 308.968 318.391 329.471 342.448 357.214 373.15 

5.8
293.15 293.15 293.15 293.15 293.15 293.15 293.15 293.15 293.15 293.15 293.15 293.15 293.15 293.15 293.15 293.15 
293.15 294.017 294.908 295.839 296.812 297.801 298.759 299.621 300.329 300.866 301.243 301.492 301.646 301.733 301.772 301.772 
293.15 294.907 296.722 298.637 300.657 302.737 304.765 306.586 308.062 309.153 309.904 310.39 310.687 310.852 310.925 310.925 
293.15 295.837 298.634 301.625 304.839 308.211 311.549 314.54 316.883 318.542 319.639 320.325 320.733 320.956 321.054 321.054 
293.15 296.805 300.646 304.829 309.435 314.406 319.456 323.997 327.307 329.478 330.822 331.623 332.081 332.326 332.432 332.432 
293.15 297.785 302.708 308.179 314.381 321.346 328.763 335.615 339.848 342.265 343.621 344.377 344.791 345.006 345.098 345.098 
293.15 298.726 304.705 311.473 319.384 328.716 339.514 350.693 355.041 356.968 357.906 358.389 358.642 358.77 358.824 358.824 
293.15 299.556 306.467 314.387 323.839 335.488 350.627 373.15 373.15 373.15 373.15 373.15 373.15 373.15 373.15 373.15 
293.15 300.209 307.837 316.59 326.998 339.589 354.893 373.15 
293.15 300.65 308.748 318.005 328.901 341.77 356.679 373.15 
293.15 300.87 309.197 318.686 329.777 342.703 357.359 373.15 
293.15 300.87 309.197 318.686 329.777 342.703 357.359 373.15 

6
293.15 293.15 293.15 293.15 293.15 293.15 293.15 293.15 293.15 293.15 293.15 293.15 293.15 293.15 293.15 293.15 
293.15 294.032 294.939 295.887 296.875 297.88 298.852 299.725 300.445 300.991 301.376 301.632 301.79 301.88 301.921 301.921 
293.15 294.939 296.785 298.73 300.781 302.888 304.94 306.782 308.276 309.384 310.149 310.646 310.95 311.121 311.197 311.197 
293.15 295.884 298.727 301.762 305.016 308.422 311.786 314.799 317.161 318.839 319.952 320.651 321.069 321.299 321.4 321.4 
293.15 296.867 300.768 305.005 309.655 314.658 319.727 324.279 327.601 329.786 331.144 331.957 332.425 332.677 332.786 332.786 
293.15 297.862 302.857 308.387 314.631 321.614 329.029 335.868 340.099 342.521 343.886 344.651 345.072 345.293 345.387 345.387 
293.15 298.816 304.875 311.706 319.649 328.979 339.738 350.858 355.189 357.114 358.056 358.544 358.801 358.932 358.987 358.987 
293.15 299.656 306.655 314.636 324.111 335.734 350.788 373.15 373.15 373.15 373.15 373.15 373.15 373.15 373.15 373.15 
293.15 300.318 308.039 316.852 327.276 339.827 355.034 373.15 
293.15 300.764 308.959 318.277 329.185 342.007 356.815 373.15 
293.15 300.987 309.412 318.963 330.064 342.941 357.494 373.15 
293.15 300.987 309.412 318.963 330.064 342.941 357.494 373.15 

6.2
293.15 293.15 293.15 293.15 293.15 293.15 293.15 293.15 293.15 293.15 293.15 293.15 293.15 293.15 293.15 293.15 
293.15 294.048 294.97 295.933 296.937 297.956 298.94 299.825 300.555 301.11 301.502 301.763 301.927 302.019 302.061 302.061 
293.15 294.97 296.847 298.823 300.901 303.033 305.108 306.969 308.479 309.601 310.379 310.887 311.199 311.375 311.453 311.453 
293.15 295.93 298.819 301.897 305.188 308.625 312.013 315.046 317.425 319.118 320.245 320.957 321.384 321.621 321.725 321.725 
293.15 296.928 300.888 305.176 309.867 314.898 319.984 324.545 327.878 330.075 331.445 332.27 332.747 333.005 333.117 333.117 
293.15 297.937 303 308.587 314.87 321.87 329.281 336.107 340.335 342.761 344.134 344.907 345.335 345.561 345.657 345.657 
293.15 298.902 305.038 311.927 319.901 329.227 339.95 351.013 355.329 357.252 358.196 358.688 358.948 359.082 359.138 359.138 
293.15 299.752 306.833 314.872 324.368 335.966 350.94 373.15 373.15 373.15 373.15 373.15 373.15 373.15 373.15 373.15 
293.15 300.42 308.229 317.1 327.538 340.05 355.167 373.15 
293.15 300.872 309.157 318.533 329.45 342.228 356.942 373.15 
293.15 301.097 309.614 319.223 330.332 343.163 357.62 373.15 
293.15 301.097 309.614 319.223 330.332 343.163 357.62 373.15 

6.4
293.15 293.15 293.15 293.15 293.15 293.15 293.15 293.15 293.15 293.15 293.15 293.15 293.15 293.15 293.15 293.15 
293.15 294.063 295.001 295.979 296.997 298.029 299.026 299.921 300.659 301.222 301.621 301.888 302.055 302.151 302.194 302.194 
